100010001
011100110
001100100
001111001
001110001
100010010
011100110
001100100
001111011
001110011
100010011
011100110
001100100
001111101
001110101
100010100
011100110
001100100
001111111
001110111
100000000
001100110
001100011
100010001
001100110
100100010
011010100
001110100
001111101
001110110
001111111
111011100
111111110
100100010
011000000
001110000
100111100
001101001
001110010
100111110
001101011
100000000
001100110
111011000
111111010
100100010
011000010
001110100
100111000
001101101
001110110
100111010
001101111
001100110
111000110
111100100
100100010
011000010
001100100
100111100
001111001
001100110
100111110
001111011
010110100
001100110
111011100
111111110
100100010
011000010
001110000
100111100
001101001
001110010
100111110
001101011
001100110
111011000
111111010
100100010
011000010
001110100
100111000
001101101
001110110
100111010
001101111
001100110
111000111
111100101
100100010
011000010
001100100
100111101
001111001
001100110
100111111
001111011
001101000
001110001
001101010
001110011
001101100
001110101
001101110
001110111
001111000
001111101
001111010
001111111
100011001
001100110
001100011
010100010
100010101
001100110
001100101
011110000
100010110
001100110
001100101
011110011
100010111
001100110
001100101
011111101
100011000
001100110
001100101
011111111
